80 48 6 1 16 16
96 80 6 1 16 16
208 64 6 1 16 16
240 112 6 1 16 16

269 -8 6 6 32 32
280 8 6 4 32 32
304 64 6 4 32 32
272 80 6 6 32 32
288 32 6 6 32 32
85 5 6 4 32 32
240 160 6 4 32 32
240 0 6 2 32 32
64 128 6 4 32 32
64 160 6 6 32 32
48 144 6 6 32 32
16 0 6 6 32 32
304 96 6 6 32 32
144 170 6 4 32 32
112 16 6 2 32 32
16 96 6 4 32 32
0 25 6 4 32 32
304 0 6 6 32 32
272 48 6 2 32 32
130 0 6 6 32 32

256 160 6 2 32 32
64 160 6 6 32 32
0 64 6 4 32 32
48 160 6 2 32 32
288 160 6 2 32 32
304 176 6 4 32 32
128 160 6 6 32 32
256 32 6 6 32 32
160 176 6 4 32 32
272 96 6 2 32 32
166 16 6 2 32 32
304 96 6 6 32 32
80 150 6 4 32 32
176 176 6 6 32 32
134 32 6 4 32 32
128 160 6 2 32 32
16 48 6 4 32 32
144 176 6 4 32 32
304 32 6 2 32 32
208 160 6 6 32 32
176 0 6 2 32 32
160 144 6 6 32 32
16 96 6 4 32 32
288 96 6 6 32 32
0 150 6 4 32 32
32 130 6 6 32 32
8 120 6 2 32 32
