32 45 6 1 16 16
104 109 6 1 16 16
176 74 6 1 16 16
256 109 6 1 16 16
269 -8 6 6 32 32
304 28 6 4 32 32
280 8 6 4 32 32
304 64 6 4 32 32
272 80 6 6 32 32
288 32 6 6 32 32
272 96 7 1 16 16
85 5 6 4 32 32
116 9 7 1 16 16
48 150 7 0 16 16
240 160 6 4 32 32
240 0 6 2 32 32
272 32 7 0 16 16
64 128 6 4 32 32
64 160 6 6 32 32
48 144 6 6 32 32
16 160 7 0 16 16
16 0 6 6 32 32
304 96 6 6 32 32
160 160 7 1 16 16
144 170 6 4 32 32
16 16 7 1 16 16
112 16 6 2 32 32
16 96 6 4 32 32
0 25 6 4 32 32
304 0 6 6 32 32
208 168 6 2 32 32
272 132 6 2 32 32
152 94 6 2 32 32
272 48 6 2 32 32
8 128 7 1 16 16
