06 06 06 06 06 06 06 06 06 06 06 06 06 06 06 56 57 58 06 06
06 06 06 06 06 06 06 06 06 06 06 06 06 06 06 48 49 50 06 06
06 06 06 06 06 06 00 01 02 03 04 05 00 01 02 27 28 29 06 06
06 06 06 06 06 06 08 09 10 11 12 13 08 09 10 35 36 37 06 06
06 06 06 06 06 06 16 17 18 19 20 21 16 17 18 43 44 45 06 06
06 06 06 06 06 06 48 49 50 48 49 50 48 49 50 06 06 06 06 06
06 00 01 02 51 59 27 28 29 56 57 58 56 57 58 06 06 06 06 06
06 08 09 10 52 60 35 36 37 48 49 50 48 49 50 06 06 06 06 06
06 16 17 18 53 61 43 44 45 24 25 26 27 28 29 06 06 06 06 06
06 56 57 58 06 06 06 06 06 32 33 34 35 36 37 06 06 06 06 06
06 48 49 50 06 06 06 06 06 40 41 42 43 44 45 06 06 06 06 06
06 56 57 58 06 06 06 06 06 06 06 06 06 06 06 06 06 06 06 06

