06 06 06 06 06 06 06 06 06 06 06 06 06 06 06 06 06 06 06 06
06 06 06 06 06 06 06 06 06 06 06 06 06 06 06 06 06 06 06 06
51 59 51 59 03 04 05 06 06 00 01 02 51 59 03 04 05 06 06 06
52 60 52 60 11 12 13 06 06 08 09 10 52 60 11 12 13 06 06 06
53 61 53 61 19 20 26 59 51 27 28 18 53 61 19 20 21 06 06 06
06 06 06 06 24 25 52 60 52 60 28 29 06 06 48 49 50 06 06 06
06 06 06 06 48 49 18 61 53 19 49 50 06 06 56 57 58 06 06 06
51 59 51 59 27 28 29 06 06 24 25 26 51 59 27 28 26 51 59 51
52 60 52 60 35 36 37 06 06 32 33 34 52 60 35 60 34 52 60 52
53 61 53 61 43 44 45 06 06 40 41 42 53 61 19 20 18 53 61 53
06 06 06 06 06 06 06 06 06 06 06 06 06 06 48 49 50 06 06 06
06 06 06 06 06 06 06 06 06 06 06 06 06 06 56 57 58 06 06 06

