06 06 06 06 06 06 06 06 06 06 06 06 06 06 06 06 06 06 06 06 
06 06 06 06 06 06 06 06 06 06 06 06 06 06 06 06 06 06 06 06 
06 06 06 06 06 06 06 00 01 02 51 59 03 04 05 06 06 06 06 06 
51 59 51 59 03 04 05 08 09 10 52 60 11 12 13 06 06 06 06 06 
52 60 52 60 11 12 13 16 17 18 53 61 19 20 21 06 06 06 06 06 
53 61 53 61 19 20 21 56 57 58 06 06 48 49 50 06 06 06 06 06 
06 06 06 06 48 49 50 48 49 50 06 06 56 57 58 06 06 06 06 06 
06 06 06 06 24 25 26 27 25 26 59 51 27 25 26 51 59 51 59 51 
06 06 06 06 32 33 34 35 52 34 60 52 35 52 34 52 60 52 60 52 
06 06 06 06 40 41 42 43 53 42 61 53 43 53 42 53 61 53 61 53 
06 06 06 06 06 06 06 06 06 06 06 06 06 06 06 06 06 06 06 06 
06 06 06 06 06 06 06 06 06 06 06 06 06 06 06 06 06 06 06 06 
